100 367 359
200 392 448
300 34484 817
400 326 504
500 350 697
600 489 692
700 426 578
800 231 504
900 335 494
1000 374 480
1100 477 579
1200 207 465
1300 583 714
1400 455 651
1500 332 559
1600 460 672
1700 303 594
1800 658 799
1900 357 723
2000 663 781
2100 464 607
2200 491 675
2300 513 624
2400 262 409
2500 428 529
2600 501 790
2700 723 808
2800 513 766
2900 702 782
3000 296 645
3100 609 694
3200 469 682
3300 691 745
3400 381 541
3500 593 699
3600 681 751
3700 541 736
3800 386 697
3900 503 721
4000 352 500
4100 480 773
4200 523 736
4300 548 727
4400 388 718
4500 621 809
4600 532 722
4700 502 605
4800 566 690
4900 399 723
5000 451 653
5100 528 706
5200 346 722
5300 486 685
5400 553 832
5500 594 840
5600 518 938
5700 461 699
5800 529 767
5900 358 831
6000 577 728
6100 473 665
6200 349 546
6300 668 916
6400 480 1045
6500 1003 1181
6600 937 916
6700 568 741
6800 693 805
6900 699 684
7000 698 1049
7100 525 786
7200 440 675
7300 595 855
7400 629 797
7500 763 740
7600 575 749
7700 676 733
7800 752 783
7900 368 685
8000 341 626
8100 588 796
8200 341 764
8300 577 904
8400 467 886
8500 678 816
8600 711 859
8700 761 889
8800 382 564
8900 445 824
9000 590 866
9100 481 731
9200 436 536
9300 555 755
9400 816 742
9500 719 732
9600 822 963
9700 307 684
9800 604 938
9900 469 707
10000 746 844
10100 650 731
10200 565 818
10300 329 739
10400 819 864
10500 525 708
10600 760 877
10700 817 1181
10800 678 1001
10900 535 708
11000 366 566
11100 546 827
11200 290 741
11300 360 540
11400 718 958
11500 648 860
11600 391 730
11700 891 963
11800 839 844
11900 341 623
12000 413 837
12100 722 922
12200 828 791
12300 732 1057
12400 608 1036
12500 817 741
12600 782 868
12700 631 798
12800 647 937
12900 999 982
13000 689 976
13100 618 927
13200 597 734
13300 751 705
13400 604 745
13500 714 793
13600 521 834
13700 538 709
13800 269 696
13900 583 724
14000 653 747
14100 174 726
14200 819 867
14300 668 931
14400 691 879
14500 419 788
14600 661 822
14700 432 642
14800 485 785
14900 623 711
15000 753 944
15100 689 890
15200 565 698
15300 590 619
15400 793 877
15500 739 964
15600 832 990
15700 337 676
15800 617 785
15900 572 648
16000 465 683
16100 591 828
16200 490 851
16300 598 668
16400 196 682
16500 142 743
16600 218 746
16700 482 762
16800 621 976
16900 923 1029
17000 623 1020
17100 739 815
17200 479 887
17300 862 818
17400 556 702
17500 672 868
17600 434 866
17700 720 1005
17800 1170 917
17900 632 795
18000 902 895
18100 332 562
18200 511 807
18300 359 647
18400 669 853
18500 517 807
18600 266 572
18700 684 816
18800 688 785
18900 684 804
19000 744 873
19100 738 806
19200 439 690
19300 720 912
19400 407 610
19500 693 860
19600 374 613
19700 640 877
19800 644 839
19900 678 901
20000 606 696
20100 512 786
20200 365 700
20300 324 617
20400 802 788
20500 677 918
20600 620 802
20700 524 820
20800 458 878
20900 688 705
21000 504 723
21100 680 708
21200 460 637
21300 682 841
21400 722 843
21500 896 1270
21600 622 788
21700 662 714
21800 609 747
21900 834 998
22000 879 1012
22100 834 988
22200 906 898
22300 671 673
22400 661 1308
22500 748 878
22600 729 1010
22700 878 1271
22800 693 899
22900 731 1041
23000 814 965
23100 776 808
23200 812 865
23300 395 577
23400 793 919
23500 640 726
23600 911 837
23700 282 645
23800 699 853
23900 461 740
24000 446 820
24100 708 1006
24200 594 823
24300 667 735
24400 542 647
24500 654 874
24600 624 922
24700 557 775
24800 477 803
24900 619 899
25000 415 764
25100 1196 1125
25200 629 832
25300 904 1082
25400 674 988
25500 735 1077
25600 851 1157
25700 729 994
25800 856 1068
25900 496 1035
26000 993 986
26100 1214 1091
26200 506 1111
26300 296 871
26400 646 1001
26500 413 567
26600 786 925
26700 1313 1194
26800 880 1029
26900 691 822
27000 310 577
27100 673 902
27200 452 675
27300 948 1057
27400 829 1128
27500 433 821
27600 254 612
27700 790 909
27800 402 703
27900 596 849
28000 607 746
28100 796 946
28200 642 1034
28300 600 984
28400 582 788
28500 864 917
28600 843 874
28700 521 842
28800 14236 1244
28900 951 936
29000 312 585
29100 515 855
29200 520 717
29300 338 744
29400 835 939
29500 902 876
29600 790 909
29700 501 779
29800 818 882
29900 774 899
30000 414 736
30100 399 1156
30200 782 978
30300 591 796
30400 553 749
30500 792 1036
30600 630 776
30700 779 1091
30800 1251 1034
30900 739 854
31000 645 830
31100 646 962
31200 658 910
31300 876 907
31400 224 954
31500 22511 1385
31600 808 934
31700 608 797
31800 627 1030
31900 775 1027
32000 1018 1014
32100 1049 1102
32200 485 1101
32300 291 784
32400 473 723
32500 308 765
32600 777 995
32700 1027 1191
32800 651 927
32900 722 1172
33000 692 817
33100 670 992
33200 850 745
33300 608 952
33400 1167 918
33500 728 699
33600 895 800
33700 416 710
33800 597 816
33900 620 1211
34000 869 948
34100 512 1265
34200 1168 1629
34300 808 951
34400 875 1001
34500 1038 1159
34600 1016 1020
34700 782 981
34800 783 1008
34900 496 734
35000 565 926
35100 521 694
35200 675 1038
35300 795 916
35400 600 838
35500 683 850
35600 904 919
35700 372 750
35800 683 876
35900 900 994
36000 725 816
36100 910 978
36200 566 1384
36300 803 951
36400 812 1052
36500 19422 1281
36600 997 1038
36700 827 831
36800 1063 1336
36900 518 854
37000 1043 1022
37100 816 902
37200 746 1023
37300 615 876
37400 318 544
37500 677 936
37600 592 1218
37700 856 1095
37800 742 955
37900 849 908
38000 617 652
38100 952 815
38200 130 760
38300 495 887
38400 744 891
38500 688 935
38600 248 563
38700 1193 1029
38800 733 1029
38900 535 867
39000 381 771
39100 779 790
39200 428 880
39300 560 781
39400 698 940
39500 295 802
39600 433 849
39700 810 873
39800 1079 1159
39900 1069 1084
40000 819 1129
40100 807 999
40200 801 910
40300 599 628
40400 329 646
40500 607 952
40600 976 993
40700 686 913
40800 916 1134
40900 558 837
41000 1211 1110
41100 1048 1228
41200 1117 1011
41300 561 1149
41400 1046 960
41500 923 1229
41600 532 936
41700 776 860
41800 728 877
41900 831 937
42000 663 749
42100 914 1182
42200 195 716
42300 875 960
42400 336 937
42500 952 1058
42600 796 991
42700 637 988
42800 686 925
42900 917 1000
43000 1120 1189
43100 974 848
43200 1235 868
43300 832 1066
43400 955 1219
43500 361 700
43600 973 1001
43700 736 927
43800 750 973
43900 368 1035
44000 1052 1210
44100 533 988
44200 536 931
44300 592 764
44400 877 1186
44500 988 986
44600 211 779
44700 725 879
44800 645 843
44900 595 920
45000 907 1212
45100 608 869
45200 751 882
45300 510 763
45400 951 1377
45500 1032 1132
45600 779 855
45700 623 789
45800 902 1102
45900 970 1217
46000 399 651
46100 1422 1192
46200 673 1337
46300 1060 968
46400 756 978
46500 158 812
46600 363 742
46700 834 1063
46800 563 714
46900 567 829
47000 642 881
47100 1390 1714
47200 508 747
47300 437 744
47400 903 880
47500 450 708
47600 904 1190
47700 452 871
47800 936 1165
47900 787 800
48000 387 746
48100 960 986
48200 591 827
48300 925 971
48400 1007 995
48500 1193 1215
48600 1047 1685
48700 628 1221
48800 1113 1014
48900 908 1029
49000 1462 1041
49100 861 1121
49200 217 837
49300 379 810
49400 820 923
49500 1105 1013
49600 281 836
49700 823 1043
49800 687 889
49900 304 673
50000 937 1011
50100 667 948
50200 895 1144
50300 889 952
50400 171 629
50500 535 796
50600 764 904
50700 473 970
50800 690 1112
50900 948 839
51000 376 641
51100 997 1316
51200 1053 1248
51300 731 1041
51400 894 934
51500 593 744
51600 463 976
51700 749 1233
51800 621 956
51900 428 967
52000 568 1060
52100 1165 1345
52200 704 815
52300 970 1339
52400 748 943
52500 569 1053
52600 795 935
52700 892 1285
52800 606 1031
52900 1099 1454
53000 647 955
53100 532 918
53200 1424 1185
53300 1040 1088
53400 1430 1236
53500 940 1258
53600 1049 1350
53700 1112 1433
53800 855 1085
53900 868 944
54000 810 1074
54100 1230 1289
54200 1001 1307
54300 619 804
54400 727 1439
54500 744 1059
54600 343 1070
54700 936 1044
54800 556 1185
54900 484 946
55000 915 1210
55100 738 980
55200 1606 1463
55300 1123 1354
55400 634 1057
55500 1175 991
55600 1269 1159
55700 1133 1310
55800 1255 1412
55900 961 1175
56000 1003 974
56100 730 961
56200 479 790
56300 800 1575
56400 1272 1150
56500 687 1233
56600 808 1302
56700 313 938
56800 413 965
56900 605 912
57000 850 920
57100 575 1039
57200 632 821
57300 841 1278
57400 1234 964
57500 539 1098
57600 1269 1144
57700 883 1292
57800 920 1148
57900 340 994
58000 785 1178
58100 886 930
58200 892 1024
58300 828 1138
58400 1154 1391
58500 1248 1305
58600 864 1147
58700 325 1456
58800 864 1381
58900 600 903
59000 832 962
59100 219 860
59200 706 1286
59300 874 938
59400 686 1251
59500 1045 1069
59600 971 1155
59700 892 1236
59800 588 1127
59900 1524 1226
60000 650 1066
60100 793 1085
60200 935 1334
60300 1119 1237
60400 1253 1305
60500 655 1427
60600 1078 1209
60700 1114 1192
60800 1114 1079
60900 320 909
61000 627 1043
61100 1179 1171
61200 393 712
61300 778 1107
61400 853 1022
61500 881 1342
61600 419 829
61700 957 1177
61800 728 1489
61900 1554 1280
62000 1472 1241
62100 424 806
62200 1093 1107
62300 870 1058
62400 1050 1365
62500 404 767
62600 507 999
62700 763 861
62800 1312 1209
62900 789 1068
63000 846 1310
63100 774 1194
63200 861 1200
63300 862 937
63400 604 1054
63500 545 839
63600 924 1464
63700 583 1156
63800 1295 1302
63900 1375 1154
64000 931 1039
64100 1082 1118
64200 652 944
64300 1289 1672
64400 885 1431
64500 1261 1195
64600 908 1109
64700 1603 1282
64800 436 976
64900 1291 1263
65000 1335 1274
65100 878 859
65200 1269 1114
65300 1214 1170
65400 279 748
65500 1179 1277
65600 902 1020
65700 752 991
65800 722 1336
65900 917 1256
66000 1056 1157
66100 872 1079
66200 245 784
66300 795 1174
66400 830 1214
66500 605 891
66600 1120 1005
66700 1117 1232
66800 940 1421
66900 503 1113
67000 486 1038
67100 1439 1138
67200 920 1185
67300 1026 1410
67400 649 987
67500 963 1014
67600 913 1004
67700 1045 1176
67800 347 834
67900 560 1163
68000 536 994
68100 824 1113
68200 983 1168
68300 564 871
68400 720 1247
68500 526 937
68600 209 1011
68700 370 711
68800 1018 1209
68900 665 1263
69000 863 907
